105
105
102
95
80
56
39
34
40
41
44
42
42
43
42
47
52
56
60
62
65
68
69
69
71
70
68
67
69
69
68
68
67
68
67
67
68
67
67
65
67
64
66
67
67
68
69
68
67
68
66
65
63
63
62
62
62
63
63
63
58
55
51
49
45
53
75
92
99
100
97
98
100
99
96
96
93
92
92
89
88
88
86
108
160
179
176
125
49
42
49
51
53
53
53
53
55
56
57
59
104
102
99
96
81
57
37
35
41
42
42
41
40
39
42
46
52
57
59
62
62
65
68
69
69
67
66
67
69
67
67
68
67
65
66
66
67
66
64
63
65
64
65
66
65
65
66
66
65
67
67
64
63
63
63
62
62
63
63
63
60
56
52
48
47
49
67
88
98
100
100
98
98
98
97
94
93
92
91
89
87
86
86
85
128
174
183
170
94
42
46
51
51
51
53
52
54
55
57
61
103
100
97
96
84
58
38
34
39
41
40
41
42
39
41
47
51
57
59
61
62
64
64
67
65
65
64
66
68
66
65
68
67
65
66
65
64
61
60
60
63
64
63
65
66
64
65
65
64
64
66
65
64
63
62
61
64
63
62
61
60
57
52
49
46
49
63
84
96
98
99
97
97
96
96
95
93
95
92
91
91
88
86
83
95
154
181
186
153
68
41
49
52
54
55
54
55
57
61
57
101
98
98
97
84
57
35
29
37
40
40
41
40
40
42
49
54
57
58
61
62
65
63
65
64
65
64
66
68
78
71
65
64
64
63
63
62
59
58
57
59
62
63
64
64
65
65
65
64
64
65
65
63
63
62
61
61
60
62
62
59
56
53
50
48
48
61
80
93
96
98
96
95
96
95
95
93
94
94
92
93
90
88
85
80
116
171
187
186
128
48
45
50
52
53
53
54
60
55
24
99
97
98
97
83
57
34
30
38
41
41
43
42
40
44
48
52
55
57
58
61
62
63
65
64
63
63
65
66
70
66
64
63
61
62
61
60
59
57
58
60
62
62
61
61
60
62
63
63
64
63
63
63
62
63
60
60
62
62
60
58
57
54
51
49
50
62
77
87
92
95
96
93
94
95
94
93
93
95
93
92
90
88
84
81
84
141
184
195
177
94
41
45
49
50
52
58
56
38
9
99
98
99
97
83
57
33
29
36
39
42
42
42
42
41
45
50
54
56
57
60
62
64
62
63
64
64
65
65
66
65
65
65
64
63
63
58
60
58
58
59
61
60
58
56
52
58
61
62
62
62
62
63
63
62
61
61
61
60
60
57
55
52
50
48
50
62
75
83
87
90
93
93
92
93
93
92
91
93
93
91
87
82
82
80
76
102
168
193
194
152
63
40
45
47
56
49
23
11
8
101
100
99
98
84
57
33
27
37
38
42
43
42
41
44
47
53
55
57
61
61
62
63
62
64
66
65
65
65
64
63
65
63
64
62
66
64
71
77
80
91
107
111
110
109
92
75
60
53
56
60
62
63
64
61
60
61
60
60
58
56
54
51
50
48
49
61
74
80
80
85
89
91
90
89
91
91
91
91
90
87
83
79
79
78
78
82
129
181
195
184
114
41
42
48
43
16
5
5
6
102
101
101
99
84
60
34
28
36
39
41
41
42
42
45
49
53
57
59
59
62
62
62
63
65
65
66
66
65
64
62
63
65
66
73
85
91
89
92
111
118
126
135
135
131
134
139
130
106
75
53
54
60
62
61
59
59
59
58
57
54
52
51
48
47
48
60
74
80
78
81
84
87
90
89
91
90
92
89
85
84
80
78
77
78
78
78
91
154
189
196
172
81
43
37
12
4
5
7
8
103
102
102
99
84
59
31
27
33
37
39
40
39
41
42
48
51
56
58
59
60
59
62
63
64
64
65
64
64
67
69
72
68
73
83
85
87
87
91
101
107
116
128
131
127
130
139
148
156
153
121
70
50
55
58
56
57
56
55
55
53
51
50
46
44
47
59
74
81
82
79
82
84
87
88
85
87
87
85
83
80
78
75
76
76
78
78
77
107
175
194
194
150
50
11
4
5
6
8
7
106
103
102
98
84
55
28
23
28
36
37
38
38
40
42
45
51
54
57
59
57
58
61
62
64
64
61
66
76
83
78
67
60
67
74
70
78
85
91
94
106
114
120
123
134
135
145
148
153
157
160
152
98
52
49
52
54
54
54
54
52
50
48
47
44
46
60
74
82
82
78
80
81
85
88
86
83
81
81
81
81
79
76
77
76
77
80
78
79
136
186
201
174
46
1
4
6
9
10
8
106
103
102
98
81
54
25
20
24
31
36
37
36
37
41
43
47
50
55
56
56
59
60
61
62
60
67
75
55
61
57
58
58
67
69
66
74
78
85
89
99
107
122
126
140
146
144
147
149
151
159
163
161
127
70
42
49
52
52
53
52
49
48
45
43
43
60
76
86
83
78
78
78
78
84
89
81
76
79
81
81
80
77
76
76
77
79
79
77
92
164
183
97
9
3
5
6
19
25
8
106
104
102
97
80
54
25
21
26
31
38
37
36
35
38
43
47
50
51
55
55
57
58
60
61
62
68
54
52
55
56
59
60
67
67
70
72
71
78
81
93
108
122
128
136
139
144
153
156
157
162
166
163
164
156
93
39
40
46
49
49
48
46
45
43
42
59
79
90
89
83
77
71
69
73
83
84
79
80
81
81
78
76
79
79
78
79
80
80
80
113
87
13
3
4
7
8
16
17
7
107
105
103
98
83
54
24
20
26
36
37
35
37
38
37
42
47
49
52
53
56
58
59
59
59
73
69
51
52
53
56
57
61
62
67
69
73
73
75
79
89
97
108
122
137
144
149
158
158
162
167
164
159
159
162
171
133
82
37
41
45
43
42
44
40
42
59
81
92
93
87
79
66
57
61
73
85
83
82
84
81
78
77
79
79
80
79
81
82
85
53
10
3
4
6
8
8
8
8
8
107
106
105
97
83
52
25
21
27
37
38
37
36
38
37
41
48
49
52
53
55
58
59
58
61
66
53
46
51
56
56
58
61
61
63
63
68
71
73
79
85
95
108
128
144
148
150
153
160
158
154
157
168
180
193
196
207
211
95
27
40
39
41
42
38
41
58
81
92
91
89
82
66
43
39
57
77
86
82
82
81
78
77
79
78
79
79
79
82
64
14
3
5
6
8
8
7
5
8
8
106
107
104
98
80
50
26
22
29
39
40
38
38
37
36
42
48
50
52
55
56
58
59
60
62
54
48
49
54
57
58
60
60
58
62
67
71
73
71
75
80
96
108
128
141
147
157
148
140
152
172
186
194
196
193
191
190
207
190
62
27
37
39
40
38
39
58
80
92
91
89
82
66
36
18
37
66
82
82
81
81
78
78
79
79
78
78
81
72
22
3
5
6
7
8
8
6
7
8
5
106
105
103
99
80
51
25
22
30
37
37
38
38
36
37
40
46
49
53
55
55
58
57
62
52
47
49
51
55
56
56
55
55
61
64
72
75
76
78
80
85
92
102
121
137
137
130
135
165
192
193
186
185
191
187
185
187
194
211
169
43
28
35
35
34
40
57
81
92
92
89
81
67
37
12
19
50
73
86
80
79
78
78
79
78
77
79
79
39
5
5
6
8
8
8
6
7
8
6
7
104
105
103
98
80
50
26
22
30
37
37
36
38
36
38
40
45
50
52
55
58
58
58
55
48
49
49
52
55
54
51
52
59
63
66
73
78
82
85
80
79
88
104
123
117
112
153
183
182
183
189
184
178
179
184
189
192
192
199
209
140
33
25
28
29
40
58
81
92
89
87
83
67
38
11
9
35
60
81
84
79
77
77
76
77
78
81
51
9
5
6
8
9
8
7
6
9
7
7
8
105
106
104
98
79
51
26
22
29
36
40
37
37
39
37
41
45
49
52
55
57
59
62
49
50
49
48
50
54
55
55
57
64
64
70
72
74
78
79
74
79
87
102
100
116
156
180
179
184
176
174
167
175
182
182
180
183
191
191
193
202
164
69
18
24
37
58
82
91
89
87
82
67
38
12
6
21
44
69
84
82
77
75
76
76
81
67
17
4
5
8
11
9
7
6
9
7
7
8
9
103
104
103
98
79
51
26
23
28
34
35
35
38
38
35
40
46
50
52
55
51
69
51
41
48
51
48
50
52
53
56
65
66
72
77
75
75
73
70
68
76
75
92
126
170
169
165
164
166
167
169
172
175
183
188
187
192
189
191
188
194
201
189
55
15
29
57
80
90
90
86
83
68
38
13
6
8
23
55
75
83
76
73
75
78
77
32
4
5
7
9
9
9
6
8
8
6
8
8
15
102
103
102
99
80
49
25
21
28
33
36
36
39
36
36
40
47
49
51
51
60
92
41
40
44
49
50
51
54
55
59
63
72
77
71
72
76
72
67
59
65
99
147
150
157
162
160
156
158
161
172
182
182
185
185
190
190
188
186
183
192
201
211
159
26
24
54
78
90
89
86
82
67
39
13
7
7
11
33
55
72
80
70
72
77
49
7
6
6
8
8
8
7
7
8
6
9
8
10
48
102
103
103
99
80
49
24
20
28
32
35
36
37
37
37
40
46
47
49
44
94
87
35
40
45
48
47
51
58
59
63
68
74
74
70
75
73
64
57
67
118
148
150
151
148
143
144
157
172
171
167
178
188
183
186
183
181
180
190
192
190
197
205
220
114
17
52
78
88
88
86
83
67
38
13
7
8
6
9
72
151
163
131
132
73
12
4
7
8
9
8
7
7
8
7
8
9
6
33
84
102
102
102
98
81
49
23
19
26
30
33
35
37
36
36
42
45
47
48
48
129
71
35
43
48
49
50
52
55
61
68
71
68
69
71
72
56
54
83
124
140
147
132
136
141
141
149
161
170
169
167
170
174
173
176
184
188
186
186
193
190
191
194
211
183
31
46
79
89
90
87
83
68
37
14
7
6
7
92
176
176
186
202
208
133
3
3
6
8
8
8
6
8
7
8
9
6
24
77
86
105
105
103
98
79
48
22
19
24
29
35
34
36
36
38
42
47
49
46
72
139
62
36
44
48
51
50
54
57
64
62
56
57
68
67
57
59
99
132
129
116
127
133
134
134
147
157
157
159
165
161
156
160
175
179
184
181
180
178
186
188
188
190
196
215
113
37
77
92
93
89
83
66
37
13
4
28
129
167
165
198
207
203
205
194
27
1
7
7
8
7
7
7
7
10
7
13
66
89
80
106
107
106
100
80
48
26
23
25
29
37
39
35
35
38
44
48
49
44
100
133
53
37
45
47
45
50
57
61
60
52
58
65
65
55
61
102
129
119
112
120
127
135
136
141
148
156
152
148
145
150
166
174
171
168
171
179
182
186
183
181
186
186
188
198
192
75
69
91
93
93
86
62
28
9
65
160
155
165
202
197
184
179
187
202
49
1
6
8
7
7
7
6
8
9
7
49
91
81
87
106
107
108
103
83
52
26
25
32
36
40
42
39
34
38
44
49
49
44
123
120
49
39
44
45
50
52
58
55
57
59
64
65
56
65
102
112
101
113
111
118
135
139
139
140
144
142
139
130
142
155
156
168
169
171
171
177
169
146
168
175
184
183
183
182
197
177
94
89
93
92
82
52
54
124
169
160
184
197
189
177
173
182
196
197
45
1
7
7
7
7
7
8
9
3
26
87
89
86
99
106
109
109
106
84
52
26
23
30
37
40
41
38
36
37
41
49
50
48
139
97
51
38
43
46
45
47
52
54
62
61
57
52
64
99
100
89
95
97
118
126
131
129
132
136
138
129
122
143
144
148
150
151
161
170
181
165
136
149
171
177
178
179
174
170
174
189
159
88
92
85
95
130
164
166
168
191
192
180
177
174
182
190
196
179
27
1
6
5
7
6
7
9
7
10
67
92
85
96
99
105
111
113
107
86
51
26
21
27
33
40
41
38
35
36
41
48
47
57
146
91
55
40
41
42
38
47
48
56
57
57
55
67
88
89
88
86
90
107
114
125
122
118
126
135
114
125
134
134
140
134
138
142
156
147
147
142
148
151
159
166
170
160
161
166
156
160
170
104
95
133
167
164
155
178
187
181
177
178
180
179
183
191
200
156
9
2
6
6
6
6
7
9
10
44
88
88
92
100
99
110
113
115
110
87
52
25
20
26
32
39
42
41
38
36
40
47
41
73
155
98
63
43
42
41
44
49
53
55
59
56
66
87
88
82
79
81
99
110
106
107
125
129
115
107
126
129
131
132
128
127
139
153
145
136
142
154
146
157
163
159
150
145
150
151
148
143
153
153
158
167
159
171
180
183
175
171
177
182
181
167
177
188
203
128
2
5
6
6
6
8
9
10
30
79
87
89
98
99
97
112
115
115
109
87
54
26
22
26
33
39
39
39
37
38
42
43
33
89
153
100
73
59
49
42
44
47
52
58
58
62
84
83
83
73
82
93
95
88
100
126
124
109
115
121
122
127
130
130
130
124
126
135
143
142
143
141
158
154
149
142
130
137
144
131
123
133
155
152
159
172
183
180
168
175
171
171
179
182
160
137
172
182
191
77
0
5
7
6
6
9
9
14
65
90
85
95
99
99
99
112
113
112
108
88
54
24
21
27
31
38
39
39
36
36
39
42
31
95
146
104
85
72
58
45
39
49
56
47
66
80
79
82
66
78
90
94
88
90
96
108
104
113
121
120
114
121
128
123
115
118
117
119
125
130
142
142
145
143
129
137
137
121
122
122
139
153
153
166
179
175
171
167
170
173
173
175
181
171
112
111
135
151
157
27
2
6
8
6
7
10
9
35
88
87
92
99
100
99
99
111
112
110
106
88
54
25
22
29
32
33
35
35
35
35
37
38
29
94
139
105
92
75
66
44
36
45
48
65
76
75
75
65
69
88
88
82
90
95
91
91
106
113
113
117
117
113
109
116
111
110
107
111
122
126
122
135
130
126
124
123
126
110
128
145
148
162
178
174
164
159
157
167
173
174
174
178
183
128
102
107
85
138
107
3
6
6
6
5
8
8
27
75
89
87
97
101
99
97
98
110
112
111
108
89
56
27
22
28
31
36
33
33
33
35
39
37
25
107
139
112
91
79
70
52
42
44
65
77
72
70
59
70
83
79
78
74
87
89
89
101
102
102
104
107
102
110
114
104
96
110
111
114
115
119
114
111
115
117
114
105
120
137
138
150
167
167
161
159
162
163
169
174
175
175
178
188
161
103
109
89
93
150
55
1
6
6
5
6
7
10
57
89
85
93
100
100
97
95
97
112
114
112
109
93
56
26
21
27
33
35
32
32
34
33
35
37
26
122
151
123
103
88
83
64
39
62
72
68
69
59
69
77
80
72
65
81
86
77
99
96
84
89
95
92
78
76
73
105
107
103
104
108
111
105
107
108
106
96
108
132
134
144
161
167
155
152
156
164
169
172
178
177
176
177
185
182
117
97
78
59
102
149
12
3
7
7
6
8
7
25
82
86
88
98
100
97
97
95
96
112
114
114
109
92
55
24
20
27
34
37
33
34
35
32
33
35
24
125
158
130
105
92
91
75
53
63
64
67
55
67
79
75
66
62
75
76
76
90
78
60
65
55
48
51
79
103
70
74
81
87
89
84
86
84
58
63
92
108
126
130
158
170
164
161
158
162
167
173
174
176
180
178
178
184
189
139
81
45
29
61
162
87
1
6
7
6
8
8
11
58
89
85
97
100
99
98
98
96
96
114
116
114
110
92
56
24
23
26
34
36
37
39
36
35
35
36
25
117
161
143
117
79
78
77
53
59
59
51
63
73
75
67
63
68
68
72
80
75
65
68
53
45
35
24
69
101
75
51
37
35
39
35
23
17
15
20
106
117
134
162
167
163
162
165
160
163
170
172
172
173
181
182
178
152
102
53
28
28
57
141
139
12
3
7
7
7
8
5
31
83
84
90
102
100
99
99
96
97
97
115
116
114
111
93
57
25
22
25
33
36
37
35
37
37
37
36
25
87
167
151
125
67
60
66
52
55
51
59
74
71
62
62
70
65
65
76
69
54
65
54
54
48
49
27
34
55
43
25
25
24
16
15
5
3
29
86
102
138
175
169
161
159
161
161
160
164
167
169
169
174
176
130
75
38
26
30
39
74
132
124
36
1
7
8
6
8
9
5
55
89
86
98
103
100
99
99
98
97
96
113
114
114
110
93
58
26
21
27
33
35
34
34
39
36
36
35
29
58
163
152
128
73
74
81
63
49
55
70
72
62
58
66
65
64
73
67
51
62
55
41
41
26
13
10
30
48
33
35
39
22
15
18
3
44
86
98
148
139
152
162
157
153
153
155
157
162
165
170
166
139
92
32
24
28
47
71
97
144
111
12
2
7
8
7
7
10
6
21
80
86
94
105
104
102
100
100
99
99
97
113
113
113
109
94
59
26
20
26
33
34
36
37
36
36
35
38
34
32
146
149
136
99
76
83
57
55
69
68
55
58
65
63
60
69
72
65
52
46
21
23
23
13
7
22
51
28
13
33
30
16
12
20
51
88
112
150
147
138
148
149
148
145
149
151
156
163
168
134
75
46
64
67
67
86
101
106
136
104
14
4
8
8
9
7
8
10
6
52
89
83
103
108
106
104
102
101
100
100
98
114
113
112
109
93
58
25
20
28
31
33
35
34
33
34
33
37
38
29
111
164
143
116
105
72
52
67
71
56
53
62
60
58
66
58
49
55
29
13
18
15
11
9
9
36
23
14
38
46
20
11
28
71
84
119
160
145
135
138
139
135
133
142
149
148
153
142
75
29
41
50
63
96
105
108
113
137
104
14
4
7
9
9
8
7
9
7
19
77
85
93
107
107
107
106
103
103
100
98
97
114
114
114
110
94
60
24
19
27
30
31
31
33
34
32
34
40
41
37
50
161
155
115
118
60
62
67
58
55
63
59
56
61
62
51
27
19
14
21
12
13
26
4
16
21
7
18
26
29
34
29
58
83
128
164
155
143
136
138
132
127
133
141
152
143
140
77
13
33
43
63
55
80
100
118
130
70
11
4
8
9
9
8
6
8
9
7
41
76
80
103
108
106
106
106
104
103
100
98
95
113
115
115
111
94
59
24
21
24
31
31
32
33
33
30
34
42
43
45
32
88
164
141
114
66
61
60
57
63
65
62
61
60
54
35
29
20
26
13
4
23
26
6
16
13
16
20
24
26
45
66
64
120
156
156
145
136
134
136
127
132
143
143
140
141
152
108
33
37
42
53
64
73
112
105
41
4
6
7
9
8
8
8
6
8
9
16
61
67
85
110
108
107
107
107
105
104
101
99
99
113
115
117
112
95
60
26
19
25
32
32
31
31
32
32
37
44
45
47
41
46
167
159
125
69
57
47
58
59
53
61
59
53
38
15
15
23
31
10
5
18
25
12
8
8
14
16
19
28
34
63
97
130
135
140
127
124
129
129
131
129
140
154
153
156
160
138
56
21
33
28
61
79
77
26
3
5
7
10
9
8
9
7
6
9
9
35
66
64
97
111
109
108
107
107
105
104
103
101
101
111
116
117
113
95
61
25
18
25
33
33
32
31
31
32
38
44
46
50
45
45
164
173
102
54
58
57
51
56
66
64
49
27
22
14
5
12
21
19
12
12
35
28
5
7
7
3
23
40
57
95
126
138
146
129
114
123
136
118
121
136
158
167
161
161
161
145
76
23
10
21
40
77
70
19
4
6
8
9
10
9
9
7
8
9
14
59
66
73
101
109
111
109
107
105
105
104
104
103
101
111
115
117
113
96
61
25
19
25
31
33
33
33
33
34
37
43
47
50
46
37
150
163
60
43
51
52
54
59
53
51
36
8
14
8
5
6
17
20
14
16
16
49
20
8
2
30
62
82
101
105
137
148
141
115
110
130
122
113
130
152
161
170
168
171
175
161
97
29
10
8
24
81
72
10
5
7
9
10
10
9
7
7
9
7
32
74
68
88
92
97
104
108
109
106
104
103
105
102
99
111
115
115
112
96
59
24
19
25
34
34
34
35
34
33
34
54
54
49
51
38
109
153
50
52
46
55
62
50
29
22
16
12
18
5
9
7
8
11
12
28
15
36
10
2
25
70
95
124
108
99
126
147
127
122
120
107
104
124
142
156
166
170
172
178
181
175
124
43
13
4
12
68
81
11
6
9
9
9
9
9
7
7
8
8
56
74
80
98
90
88
88
93
98
100
101
102
103
104
101
111
116
116
114
94
60
25
20
25
32
34
34
35
32
33
37
52
48
51
53
48
59
143
60
49
55
60
60
45
27
12
8
7
17
7
9
7
7
10
10
31
26
40
22
18
67
94
128
137
124
99
131
155
121
114
98
99
114
129
149
160
166
172
173
178
182
181
143
57
18
4
6
50
85
15
5
9
10
10
10
7
7
8
5
21
74
74
95
104
98
91
89
87
90
91
88
92
96
99
99
113
116
117
114
95
60
26
20
25
34
35
35
35
34
35
39
49
48
51
51
50
51
82
59
54
67
64
50
21
9
20
12
6
16
12
13
8
8
12
9
16
16
15
39
61
82
108
126
149
133
91
141
128
101
99
102
116
121
130
144
160
166
170
171
177
182
185
161
77
23
7
4
32
87
20
6
9
10
10
10
7
7
9
6
46
79
80
105
104
103
100
99
96
95
91
85
82
84
85
88
112
116
118
114
96
62
27
20
27
32
34
34
36
39
34
39
46
50
51
51
51
67
54
70
58
63
53
30
16
9
21
14
6
16
27
10
7
11
12
16
13
18
6
49
77
110
109
116
150
144
127
121
98
104
111
114
123
127
128
137
154
163
160
166
172
178
183
171
100
28
9
4
21
89
29
6
9
9
10
8
10
13
7
14
67
71
88
107
102
100
100
104
107
105
98
91
85
85
82
81
110
117
118
115
97
62
27
20
26
29
33
33
34
34
32
37
45
51
51
59
95
54
27
58
80
49
42
19
25
6
32
12
6
15
11
5
7
12
11
22
17
8
41
68
113
130
117
110
154
152
102
47
52
70
87
111
128
132
127
129
140
157
154
157
166
171
177
153
89
23
7
4
13
91
42
7
8
9
11
7
11
14
6
33
73
72
97
102
102
101
98
101
104
106
102
96
92
89
86
82
110
118
118
116
99
64
26
20
25
30
34
37
36
32
34
36
43
48
54
68
85
18
1
47
77
30
16
20
19
12
39
10
6
7
9
8
6
15
25
20
8
31
70
106
130
150
107
135
153
95
69
74
71
46
29
38
69
111
123
121
134
150
146
147
152
141
107
62
37
20
10
4
7
78
58
7
9
10
10
7
8
9
8
51
73
79
103
99
96
97
96
96
98
99
100
94
93
92
92
91
111
118
118
116
99
65
27
20
26
33
35
37
36
33
32
32
39
49
79
87
86
68
46
44
40
15
15
29
14
26
20
17
9
5
19
16
3
7
18
15
14
62
107
123
154
140
122
137
68
46
57
50
66
57
40
32
27
57
99
108
126
148
147
142
116
65
34
28
38
28
16
5
6
72
62
9
10
10
9
7
8
8
18
66
68
89
100
97
95
95
94
95
96
97
98
94
92
91
92
93
113
119
119
116
98
66
27
20
25
32
38
37
35
32
31
38
88
90
82
90
88
66
54
15
14
18
36
26
29
26
5
14
16
8
9
35
15
7
7
6
50
95
122
138
161
140
118
39
18
17
13
10
13
12
15
45
61
58
79
95
119
152
159
129
59
23
14
9
11
13
14
5
5
68
69
13
9
9
7
7
8
5
32
74
73
96
98
95
93
92
93
92
93
94
94
92
92
92
92
93
114
118
120
116
97
64
27
20
28
33
37
34
33
30
26
68
142
84
76
83
65
29
8
11
29
22
17
22
37
23
5
8
20
14
2
15
26
15
6
27
77
122
125
152
161
120
34
13
10
12
10
11
64
96
21
17
52
58
72
88
117
167
161
52
8
9
44
31
6
9
9
6
6
62
69
14
11
10
7
8
8
6
52
76
85
99
96
93
91
90
90
90
91
93
91
91
92
91
88
90
114
120
122
118
98
64
28
22
31
37
36
33
35
37
23
37
88
117
116
63
35
12
11
24
12
14
9
32
43
18
5
5
10
17
5
7
6
5
9
47
99
115
144
167
134
51
32
20
15
37
22
18
105
186
99
32
39
47
64
83
128
185
108
23
17
13
65
65
9
8
8
6
8
58
76
20
14
8
8
9
6
17
72
77
92
97
97
93
90
90
89
90
92
91
91
91
90
88
85
84
113
122
123
120
99
64
30
24
34
42
40
43
33
22
30
58
104
152
113
22
5
17
32
15
14
21
22
41
48
30
5
6
6
10
8
7
7
3
32
82
114
137
170
132
59
52
69
65
34
47
56
79
155
163
107
59
54
52
61
81
144
195
85
53
55
56
98
53
12
10
8
6
10
49
84
19
14
7
7
9
6
33
76
79
96
96
95
92
89
90
91
91
92
91
90
90
87
83
82
79
114
123
126
123
104
70
33
25
39
45
45
56
34
36
84
76
80
52
7
15
43
34
28
4
18
29
20
45
55
43
13
4
5
8
8
8
4
18
61
116
128
165
129
47
58
72
80
84
74
63
56
67
76
88
107
88
58
60
64
78
139
200
123
79
68
63
49
20
18
15
9
7
10
40
96
23
15
7
6
10
10
53
72
85
98
95
93
92
88
89
90
89
91
90
87
87
83
79
77
72
113
124
127
124
105
72
33
26
37
44
46
48
76
88
64
21
19
12
6
6
37
59
45
12
11
21
35
32
48
48
14
6
6
8
8
7
6
50
82
124
154
135
36
44
69
87
91
94
95
87
80
81
89
97
99
91
64
68
63
72
133
200
149
100
75
59
43
29
30
18
9
8
9
36
103
29
11
7
8
8
17
67
71
94
96
93
92
91
91
91
90
90
89
87
86
84
81
76
71
77
113
124
125
123
105
70
31
26
37
42
45
50
61
71
54
43
25
7
15
29
40
28
27
5
11
29
31
52
38
46
11
6
7
7
6
3
30
64
112
151
148
40
32
57
72
87
98
110
113
115
110
114
118
117
112
88
74
71
64
69
123
199
164
122
95
74
62
47
36
20
9
10
9
32
106
34
9
7
8
7
32
70
78
99
95
93
91
90
91
91
89
90
87
85
84
81
76
70
81
124
112
121
124
122
103
70
31
26
34
48
64
79
78
72
42
31
12
10
27
39
49
41
13
8
7
23
36
45
44
32
43
16
6
7
6
9
55
81
142
158
52
17
44
60
71
85
97
112
120
126
125
125
122
126
110
88
81
74
66
67
113
198
171
118
98
75
62
54
41
20
9
11
12
26
104
43
7
8
8
8
51
70
86
100
95
91
90
89
90
90
87
85
85
85
83
78
72
80
124
150
112
120
122
120
101
70
32
23
35
48
49
56
43
30
25
15
10
28
21
50
41
19
6
10
8
5
17
19
5
20
65
26
2
6
2
35
66
122
152
78
7
25
49
60
69
81
92
104
118
126
129
128
124
122
107
90
84
78
67
67
106
195
180
112
99
81
64
55
43
19
9
11
12
20
93
58
6
7
8
14
65
74
94
98
96
92
89
89
89
88
86
84
84
84
80
72
74
117
146
147
110
117
116
115
101
72
31
25
38
36
42
51
51
47
33
32
32
20
11
47
29
11
7
8
8
6
7
10
7
24
51
66
13
3
10
55
90
160
119
8
10
26
51
61
68
77
87
96
106
119
124
128
119
113
100
84
78
74
60
68
94
177
190
109
95
82
67
56
40
15
8
12
13
16
93
69
7
9
8
27
71
79
99
97
93
89
88
87
86
84
83
82
84
82
77
71
103
144
149
145
110
115
114
115
99
69
30
27
58
46
71
74
33
31
54
31
15
24
20
54
48
15
8
9
6
6
12
16
10
43
69
45
52
1
34
60
138
157
34
4
15
24
42
60
67
75
85
94
100
108
118
117
117
109
96
78
70
66
57
62
84
161
198
112
91
78
65
56
35
10
7
12
14
10
82
72
13
7
7
45
74
88
100
96
93
91
89
87
85
84
84
83
82
81
74
87
132
149
145
145
109
116
116
117
101
69
32
20
47
66
61
56
19
45
34
21
19
37
35
57
54
24
6
8
6
9
25
27
28
52
96
22
21
5
51
87
159
59
1
9
19
21
41
59
66
74
81
88
95
99
103
108
108
103
89
71
63
60
55
58
80
142
209
121
86
77
63
53
27
6
7
14
14
6
77
81
19
5
11
60
74
93
98
94
91
90
90
88
87
85
83
83
79
77
74
114
148
147
145
148
109
118
119
119
104
71
33
25
46
49
50
47
21
32
41
26
27
37
28
50
56
22
5
10
7
8
24
35
61
34
24
8
5
39
54
102
91
6
3
13
24
22
40
57
66
73
78
85
90
92
96
102
103
96
82
59
54
68
65
60
76
130
209
127
78
75
61
44
16
5
8
14
13
5
66
88
31
3
22
72
78
96
94
91
89
88
90
88
88
85
84
82
78
73
89
141
151
145
146
162
111
117
118
120
105
73
39
39
44
35
47
36
17
41
41
14
33
26
22
42
64
33
20
8
11
4
20
22
31
28
5
2
30
115
107
101
41
3
5
14
28
25
43
58
63
69
77
82
88
90
93
97
97
93
80
53
58
63
63
59
63
114
175
107
75
71
57
33
7
5
9
14
14
5
56
95
38
3
39
81
86
96
93
90
88
88
89
87
85
85
84
82
77
72
112
150
148
145
157
172
108
115
117
120
105
73
37
21
26
34
47
32
26
37
37
14
49
24
20
39
74
45
24
6
19
9
2
18
49
10
6
3
55
122
136
50
4
5
7
17
35
29
41
56
62
67
75
82
88
90
90
96
97
94
84
66
53
42
36
37
44
86
132
92
76
66
53
17
4
6
10
14
12
7
43
95
47
7
58
84
91
96
93
89
88
87
88
85
83
82
82
82
76
81
129
151
149
155
173
176
107
112
117
121
105
72
34
23
28
36
51
31
18
22
13
36
26
25
28
40
56
65
38
3
38
54
1
18
21
18
47
67
43
97
73
4
7
7
9
20
41
28
47
57
62
66
72
78
84
86
90
94
97
99
93
85
70
62
72
68
98
140
124
90
74
61
41
6
4
6
12
15
13
8
30
93
50
17
73
85
94
94
92
89
89
87
86
86
86
82
82
81
73
92
140
151
153
169
179
178
109
113
118
122
106
73
32
20
27
35
65
36
11
23
38
21
7
17
30
42
42
59
61
15
26
37
10
6
44
76
113
62
45
95
13
6
9
9
9
16
42
30
47
57
59
65
72
77
78
82
89
93
95
97
93
91
87
80
112
135
138
161
121
83
72
58
32
8
6
7
14
15
16
9
18
91
51
36
81
87
95
92
91
89
88
85
86
86
85
83
82
79
74
103
144
149
161
178
179
176
108
114
119
123
108
75
33
21
27
56
57
30
20
48
19
9
10
15
19
28
34
47
68
40
38
13
11
25
79
126
102
23
66
28
5
8
9
12
9
13
40
32
46
57
64
65
72
78
76
77
81
86
87
90
89
87
90
94
146
170
146
168
117
77
68
49
17
11
4
8
16
16
14
9
10
82
57
55
83
88
95
92
91
87
86
87
87
85
83
83
81
77
72
112
147
156
174
180
177
178
111
117
121
122
108
75
33
20
46
44
45
28
25
38
7
10
15
20
20
18
29
26
56
71
28
8
64
80
111
119
36
55
49
5
15
8
10
14
11
11
36
32
39
56
62
65
72
75
77
74
76
78
79
80
84
85
90
96
122
150
143
134
108
63
61
28
2
6
6
9
15
16
14
10
7
75
61
64
82
91
95
91
89
85
85
88
86
85
82
82
79
74
72
117
152
169
181
178
178
181
115
118
122
123
108
74
28
36
48
32
63
20
16
27
10
10
8
33
43
31
20
30
33
53
40
58
90
168
149
43
44
70
6
8
16
7
9
14
12
10
31
27
33
54
65
63
66
72
76
77
72
46
48
60
60
61
54
49
47
59
60
50
50
53
54
9
5
7
7
11
15
16
14
11
5
64
67
74
84
91
94
90
88
87
86
86
85
84
82
81
79
73
72
122
162
182
186
181
180
183
115
121
124
124
107
72
48
55
26
54
60
18
15
8
8
15
12
42
58
40
38
30
48
25
35
67
90
182
78
38
87
20
4
6
11
8
11
13
14
9
22
23
29
45
59
60
61
70
75
84
76
55
44
39
40
48
53
63
71
94
81
53
61
66
31
3
7
7
9
12
16
18
13
13
5
53
83
84
88
93
93
91
89
89
87
84
83
85
82
83
80
70
75
134
176
188
186
184
183
185
114
122
125
123
111
86
57
23
34
60
41
21
32
10
8
23
18
56
57
21
43
40
18
39
72
70
84
108
49
94
40
1
7
6
10
8
10
12
14
9
18
20
22
38
50
55
57
62
71
80
83
78
63
57
59
59
77
103
108
112
94
72
76
48
8
4
8
6
10
11
21
20
14
16
6
49
91
87
89
94
94
93
90
91
90
86
84
83
82
83
80
70
78
148
187
190
186
185
188
188
113
124
125
124
108
78
28
19
58
44
34
18
45
5
16
22
23
71
52
38
29
39
58
55
82
70
104
83
104
50
3
5
8
7
7
8
9
11
13
10
15
17
18
29
41
47
52
59
68
73
74
77
70
64
59
55
53
61
63
59
74
76
61
19
4
5
8
8
10
12
22
21
14
19
8
45
96
91
90
93
94
92
91
90
89
86
84
82
80
80
78
69
80
161
195
193
188
190
193
193
111
122
122
122
106
74
30
23
56
34
18
20
33
6
18
11
20
91
48
63
47
31
59
50
45
54
115
116
63
5
6
7
10
7
8
8
10
11
12
11
12
15
14
23
30
38
49
57
63
70
72
72
71
67
65
69
67
66
70
81
81
69
32
8
5
6
8
10
9
14
24
20
14
18
9
44
101
88
89
92
91
90
91
91
91
87
85
82
80
78
75
65
78
169
198
194
193
195
195
190
110
119
121
121
106
73
30
20
45
34
15
23
14
4
18
8
18
69
49
64
61
40
30
51
41
39
120
91
7
5
6
6
9
7
13
12
7
9
11
11
10
13
13
17
23
34
46
57
64
68
71
73
76
82
87
89
102
107
97
92
79
56
12
7
5
7
10
10
9
16
26
20
15
18
10
41
107
90
90
95
92
92
90
90
90
90
87
83
79
77
75
62
81
177
200
195
193
191
186
186
110
117
119
120
105
72
30
16
31
29
11
27
12
6
18
7
18
49
23
38
66
60
42
58
60
25
58
28
4
7
6
7
10
8
10
9
8
7
9
10
10
12
13
15
13
20
33
46
59
66
70
77
84
93
106
104
107
107
111
93
78
35
8
8
5
7
11
10
9
19
28
22
16
16
11
40
108
90
91
96
93
89
87
89
88
90
86
81
76
74
72
60
93
192
201
190
186
187
190
190
111
115
118
119
104
71
27
13
35
15
8
25
12
8
14
8
14
65
28
16
44
58
73
62
75
42
23
7
4
7
6
7
12
9
9
8
8
7
8
10
9
11
11
14
13
9
16
25
41
50
60
68
79
86
95
107
111
103
102
84
64
20
8
7
5
7
10
9
9
20
29
21
18
18
14
39
106
89
81
89
87
87
88
87
87
86
83
80
77
74
69
59
110
198
200
184
184
188
189
183
110
115
118
116
102
65
26
67
56
31
6
15
10
10
10
6
8
69
61
24
25
55
49
60
86
68
74
37
1
4
6
9
16
8
10
7
8
7
7
8
11
11
11
12
18
14
16
23
29
37
45
53
65
77
89
95
106
96
90
75
60
16
4
4
5
7
10
8
8
21
31
21
17
19
13
45
102
72
55
62
68
74
80
84
86
85
80
80
77
72
67
61
138
197
190
182
181
180
175
168
108
115
115
115
99
70
96
65
22
29
3
16
10
11
11
8
8
55
72
43
9
34
60
54
68
63
32
81
55
2
3
11
16
7
10
7
8
7
7
7
8
11
11
9
16
24
42
58
64
69
73
71
75
82
92
92
93
97
104
121
138
111
61
16
2
5
10
7
8
19
29
21
17
19
14
51
94
55
47
44
49
52
55
61
69
73
74
77
74
70
62
67
162
190
175
176
176
171
161
147
105
113
113
114
110
106
50
13
39
15
2
19
13
8
18
23
8
29
63
56
35
60
76
29
40
56
32
64
75
46
3
12
14
6
10
7
6
8
7
8
8
11
11
10
15
28
52
60
60
61
65
69
71
79
80
79
78
85
105
132
156
165
166
138
81
26
5
4
7
19
29
17
16
19
13
58
86
57
61
56
48
46
43
43
42
47
51
56
59
61
55
70
164
176
163
173
175
170
147
119
105
111
111
118
114
72
25
54
46
5
5
8
26
7
11
36
22
9
35
57
39
58
38
40
43
56
49
80
37
45
25
10
13
6
13
7
7
8
8
7
8
11
12
10
12
29
48
55
58
59
63
69
72
75
73
75
82
93
115
138
155
157
164
167
169
155
85
7
5
17
27
16
16
18
11
63
82
73
74
73
62
58
52
46
40
35
32
33
35
45
37
51
152
166
168
174
168
158
126
61
105
111
112
114
100
70
73
57
18
8
6
12
47
30
33
38
24
10
23
30
50
38
19
39
52
67
71
46
51
22
52
13
10
7
14
8
6
6
8
8
8
11
14
12
10
28
47
52
59
60
61
72
76
75
71
77
90
101
118
137
146
148
154
160
169
175
180
125
24
9
21
13
14
17
12
68
81
83
80
79
71
68
66
60
55
49
40
30
35
57
36
45
156
173
178
176
161
116
52
12
107
117
114
115
98
99
119
32
10
8
7
9
19
32
30
16
15
27
24
24
37
12
18
33
42
69
78
66
26
68
37
38
6
6
12
7
7
6
10
8
8
12
17
19
10
30
50
57
56
60
71
73
76
74
74
81
95
105
112
126
137
142
147
154
162
171
178
186
152
33
10
12
14
15
12
74
82
86
85
81
79
76
71
69
63
60
56
48
49
62
41
79
174
180
181
169
141
68
7
14
108
120
116
116
99
96
83
35
8
11
11
12
11
8
9
16
10
6
12
15
34
15
19
30
38
58
75
66
44
61
50
53
5
6
12
8
6
6
10
8
8
13
23
29
9
28
52
50
58
70
74
74
75
74
78
86
97
104
108
119
129
133
137
146
159
169
177
183
193
151
22
7
13
14
16
81
80
88
87
83
80
79
76
73
69
65
61
60
58
64
56
121
183
181
178
160
107
35
10
24
111
121
118
118
100
88
71
16
4
12
18
12
6
7
10
33
13
6
21
12
23
25
22
23
33
53
57
72
89
25
54
79
16
4
12
10
6
5
10
7
8
13
34
40
12
24
48
60
68
68
73
76
76
76
78
86
92
99
105
113
123
130
135
144
156
165
175
182
190
200
121
6
11
10
22
82
80
86
85
82
80
79
79
76
72
68
63
62
62
69
73
149
186
180
175
148
70
16
21
24
109
121
118
117
104
74
62
24
5
11
16
8
5
6
14
41
11
10
8
24
23
20
33
44
34
34
58
76
84
16
23
110
25
3
14
12
7
6
10
8
8
15
36
38
13
25
53
66
66
69
70
75
77
79
80
86
90
95
102
108
119
127
134
143
153
165
177
183
190
197
195
59
6
7
28
84
80
84
83
82
80
76
76
73
72
69
63
59
61
94
124
168
186
179
167
123
40
20
25
29
110
122
118
120
105
78
60
22
8
18
12
6
6
4
27
46
8
13
8
10
19
14
26
43
38
27
54
83
80
16
24
110
13
5
15
15
7
7
11
8
8
20
35
38
17
26
53
67
67
72
73
73
74
77
81
84
88
94
97
104
113
121
130
141
149
165
176
184
192
195
202
139
8
5
34
87
84
87
85
83
79
77
75
72
71
67
61
59
100
144
159
181
185
178
151
83
26
26
28
37
111
121
120
121
105
84
67
9
13
14
8
7
7
6
50
38
3
9
13
8
7
8
18
39
48
21
55
78
77
46
43
86
35
10
16
11
8
8
9
7
10
26
45
50
19
28
56
69
70
72
74
72
73
74
79
82
86
91
95
102
108
116
125
138
149
163
176
184
190
195
195
191
46
2
41
85
85
84
84
83
78
76
75
71
67
64
59
78
164
181
166
183
186
169
122
48
25
25
33
43
110
120
120
119
105
83
48
9
11
6
7
8
7
24
37
21
2
10
13
7
7
11
18
21
52
35
60
82
69
72
96
55
25
10
12
13
11
10
9
9
17
48
59
50
19
32
58
68
73
76
77
74
74
75
79
81
85
90
97
101
103
111
125
136
149
162
174
184
188
192
193
200
101
0
46
84
89
84
83
80
77
77
75
69
67
63
57
101
187
184
173
187
182
153
87
38
31
27
38
45
110
117
113
113
102
82
57
12
5
5
7
11
17
8
21
24
6
9
10
6
11
16
23
17
15
60
72
68
37
51
72
58
42
33
25
20
13
11
9
11
25
52
57
48
18
36
61
69
72
78
79
74
71
72
75
79
82
87
94
99
102
109
118
131
146
158
172
183
187
190
191
196
152
6
52
85
89
81
80
78
76
76
76
70
66
63
60
117
184
168
171
189
173
122
62
43
34
33
41
39
109
120
118
118
107
87
51
9
7
7
7
8
8
8
18
16
8
6
9
6
7
11
31
14
15
44
60
58
55
17
14
11
17
26
38
35
17
8
8
16
34
54
58
45
17
43
65
69
73
76
75
75
71
69
73
76
80
86
89
97
100
107
115
125
141
157
167
179
185
188
191
192
183
36
55
86
90
84
80
78
76
76
77
72
66
63
66
121
176
161
172
188
157
90
47
45
34
30
34
27
107
118
117
116
105
86
59
14
9
8
8
15
14
6
8
9
8
6
9
9
7
12
23
24
32
49
58
48
48
57
21
11
6
9
9
13
14
7
10
23
38
53
57
35
21
52
69
75
77
75
76
76
72
71
73
75
79
85
88
95
100
105
111
120
136
151
164
174
182
186
192
191
193
83
57
86
86
84
81
80
78
77
77
73
68
68
70
91
134
144
176
183
141
69
41
37
28
29
30
20
106
117
115
116
106
82
67
17
9
7
17
14
7
7
12
9
8
9
9
11
8
21
8
29
21
40
51
56
17
53
82
38
6
9
11
9
9
7
14
30
44
53
51
22
30
60
72
78
78
78
77
75
77
72
71
75
80
83
87
92
96
100
105
118
133
144
159
172
181
188
192
191
193
138
67
62
63
68
74
80
82
82
80
76
70
74
79
77
79
116
183
176
124
57
34
27
25
30
21
22
103
114
115
116
107
80
53
18
10
6
8
6
7
12
15
6
13
8
8
8
8
15
10
38
43
8
8
41
23
36
56
15
8
8
9
8
7
10
21
38
50
54
40
14
44
70
71
75
80
80
80
79
78
74
73
75
79
83
86
91
95
99
104
113
125
139
154
166
178
187
191
192
192
180
67
25
29
35
44
56
66
71
75
78
79
86
87
75
72
130
187
163
97
43
28
23
29
23
20
34
100
114
115
116
110
80
46
24
9
7
7
7
11
15
10
4
12
10
6
8
8
12
22
43
67
39
15
19
31
31
22
8
7
8
7
7
8
15
29
45
48
49
21
19
60
72
71
76
80
81
78
79
76
74
73
73
77
80
81
88
93
97
102
112
120
131
148
163
177
186
190
191
191
194
82
15
18
15
18
24
29
34
41
51
70
90
88
77
85
159
183
134
66
28
18
20
24
17
32
38
99
113
114
116
111
75
39
25
7
7
7
8
12
10
9
6
11
10
8
8
8
9
6
20
55
78
48
42
37
8
4
8
6
7
7
7
11
23
39
45
48
31
10
42
70
71
71
75
77
78
80
80
78
76
72
70
74
75
80
84
91
95
99
107
116
129
141
159
172
182
188
190
190
194
123
20
29
26
21
15
12
10
10
12
27
55
115
118
108
168
167
100
35
14
15
21
18
29
39
27
100
117
115
119
112
70
45
21
5
7
11
8
9
9
8
9
9
10
9
7
6
9
11
8
20
68
77
44
46
19
5
6
7
5
5
8
19
31
43
47
37
9
27
62
73
72
74
74
77
76
78
81
84
78
74
73
74
76
77
81
88
93
97
103
112
122
134
153
168
178
186
189
190
192
166
36
34
39
32
24
16
12
7
6
4
65
155
118
125
167
138
56
15
12
17
16
24
38
29
21
100
116
117
122
114
67
44
20
6
7
8
6
6
7
6
10
13
10
11
7
7
11
14
10
9
26
53
59
42
14
6
5
5
4
6
14
25
38
43
33
11
21
54
68
71
74
77
75
77
76
78
80
81
79
76
73
73
77
76
79
85
90
94
101
108
113
129
146
163
176
185
189
191
187
188
68
29
44
45
35
24
18
13
8
4
65
151
130
135
133
68
14
9
15
15
23
39
30
18
18
100
115
118
122
114
67
41
14
5
7
8
7
6
9
5
9
19
8
20
12
7
23
12
20
16
21
46
34
30
7
4
6
4
5
11
23
30
36
22
11
24
49
63
70
71
74
77
76
78
76
78
80
80
81
77
76
75
76
75
79
84
87
91
98
106
110
121
136
155
168
180
187
190
188
194
114
24
41
45
38
32
29
21
17
16
62
155
153
100
50
14
10
13
13
19
39
37
17
15
23
